1,4,33,2,4,33,3,4,33,4,4,33,5,4,33,6,4,33,7,4,33,8,4,33,9,4,33,10,4,33,11,4,33,12,4,33,15,4,33,16,4,33,17,4,33,18,4,33,19,4,33,20,4,33,21,4,33,22,4,33,23,4,33,24,4,33,25,4,33,26,4,33
1,5,33,6,5,33,12,5,33,15,5,33,21,5,33,26,5,33
1,6,34,6,6,33,12,6,33,15,6,33,21,6,33,26,6,34
1,7,33,6,7,33,12,7,33,15,7,33,21,7,33,26,7,33
1,8,33,2,8,33,3,8,33,4,8,33,5,8,33,6,8,33,7,8,33,8,8,33,9,8,33,10,8,33,11,8,33,12,8,33,13,8,33,14,8,33,15,8,33,16,8,33,17,8,33,18,8,33,19,8,33,20,8,33,21,8,33,22,8,33,23,8,33,24,8,33,25,8,33,26,8,33
1,9,33,6,9,33,9,9,33,18,9,33,21,9,33,26,9,33
1,10,33,6,10,33,9,10,33,18,10,33,21,10,33,26,10,33
1,11,33,2,11,33,3,11,33,4,11,33,5,11,33,6,11,33,9,11,33,10,11,33,11,11,33,12,11,33,15,11,33,16,11,33,17,11,33,18,11,33,21,11,33,22,11,33,23,11,33,24,11,33,25,11,33,26,11,33
6,12,33,21,12,33
6,13,33,21,13,33
6,14,33,21,14,33
6,15,33,21,15,33
6,16,33,21,16,33
6,17,33,21,17,33
6,18,33,21,18,33
6,19,33,21,19,33
6,20,33,21,20,33
6,21,33,21,21,33
6,22,33,21,22,33
1,23,33,2,23,33,3,23,33,4,23,33,5,23,33,6,23,33,7,23,33,8,23,33,9,23,33,10,23,33,11,23,33,12,23,33,15,23,33,16,23,33,17,23,33,18,23,33,19,23,33,20,23,33,21,23,33,22,23,33,23,23,33,24,23,33,25,23,33,26,23,33
1,24,33,6,24,33,12,24,33,15,24,33,21,24,33,26,24,33
1,25,33,6,25,33,12,25,33,15,25,33,21,25,33,26,25,33
1,26,34,2,26,33,3,26,33,6,26,33,7,26,33,8,26,33,9,26,33,10,26,33,11,26,33,12,26,33,15,26,33,16,26,33,17,26,33,18,26,33,19,26,33,20,26,33,21,26,33,24,26,33,25,26,33,26,26,34
3,27,33,6,27,33,9,27,33,18,27,33,21,27,33,24,27,33
3,28,33,6,28,33,9,28,33,18,28,33,21,28,33,24,28,33
1,29,33,2,29,33,3,29,33,4,29,33,5,29,33,6,29,33,9,29,33,10,29,33,11,29,33,12,29,33,15,29,33,16,29,33,17,29,33,18,29,33,21,29,33,22,29,33,23,29,33,24,29,33,25,29,33,26,29,33
1,30,33,12,30,33,15,30,33,26,30,33
1,31,33,12,31,33,15,31,33,26,31,33
1,32,33,2,32,33,3,32,33,4,32,33,5,32,33,6,32,33,7,32,33,8,32,33,9,32,33,10,32,33,11,32,33,12,32,33,13,32,33,14,32,33,15,32,33,16,32,33,17,32,33,18,32,33,19,32,33,20,32,33,21,32,33,22,32,33,23,32,33,24,32,33,25,32,33,26,32,33