0,3,0,1,3,14,2,3,14,3,3,14,4,3,14,5,3,14,6,3,14,7,3,14,8,3,14,9,3,14,10,3,14,11,3,14,12,3,14,13,3,6,14,3,4,15,3,14,16,3,14,17,3,14,18,3,14,19,3,14,20,3,14,21,3,14,22,3,14,23,3,14,24,3,14,25,3,14,26,3,14,27,3,2
0,4,12,13,4,16,14,4,17,27,4,13
0,5,12,2,5,8,3,5,19,4,5,19,5,5,10,7,5,8,8,5,19,9,5,19,10,5,19,11,5,10,13,5,16,14,5,17,16,5,8,17,5,19,18,5,19,19,5,19,20,5,10,22,5,8,23,5,19,24,5,19,25,5,10,27,5,13
0,6,12,2,6,16,5,6,17,7,6,16,11,6,17,13,6,16,14,6,17,16,6,16,20,6,17,22,6,16,25,6,17,27,6,13
0,7,12,2,7,9,3,7,18,4,7,18,5,7,11,7,7,9,8,7,18,9,7,18,10,7,18,11,7,11,13,7,9,14,7,11,16,7,9,17,7,18,18,7,18,19,7,18,20,7,11,22,7,9,23,7,18,24,7,18,25,7,11,27,7,13
0,8,12,27,8,13
0,9,12,2,9,8,3,9,19,4,9,19,5,9,10,7,9,8,8,9,10,10,9,8,11,9,19,12,9,19,13,9,19,14,9,19,15,9,19,16,9,19,17,9,10,19,9,8,20,9,10,22,9,8,23,9,19,24,9,19,25,9,10,27,9,13
0,10,12,2,10,9,3,10,18,4,10,18,5,10,11,7,10,16,8,10,17,10,10,9,11,10,18,12,10,18,13,10,29,14,10,27,15,10,18,16,10,18,17,10,11,19,10,16,20,10,17,22,10,9,23,10,18,24,10,18,25,10,11,27,10,13
0,11,12,7,11,16,8,11,17,13,11,16,14,11,17,19,11,16,20,11,17,27,11,13
0,12,1,1,12,15,2,12,15,3,12,15,4,12,15,5,12,10,7,12,16,8,12,28,9,12,19,10,12,19,11,12,10,13,12,16,14,12,17,16,12,8,17,12,19,18,12,19,19,12,30,20,12,17,22,12,8,23,12,15,24,12,15,25,12,15,26,12,15,27,12,3
5,13,12,7,13,16,8,13,27,9,13,18,10,13,18,11,13,11,13,13,9,14,13,11,16,13,9,17,13,18,18,13,18,19,13,29,20,13,17,22,13,13
5,14,12,7,14,16,8,14,17,19,14,16,20,14,17,22,14,13
5,15,12,7,15,16,8,15,17,10,15,20,11,15,15,12,15,24,13,15,26,14,15,26,15,15,25,16,15,15,17,15,22,19,15,16,20,15,17,22,15,13
0,16,14,1,16,14,2,16,14,3,16,14,4,16,14,5,16,11,7,16,9,8,16,11,10,16,13,17,16,12,19,16,9,20,16,11,22,16,9,23,16,14,24,16,14,25,16,14,26,16,14,27,16,14
10,17,13,17,17,12
0,18,15,1,18,15,2,18,15,3,18,15,4,18,15,5,18,10,7,18,8,8,18,10,10,18,13,17,18,12,19,18,8,20,18,10,22,18,8,23,18,15,24,18,15,25,18,15,26,18,15,27,18,15
5,19,12,7,19,16,8,19,17,10,19,21,11,19,14,12,19,14,13,19,14,14,19,14,15,19,14,16,19,14,17,19,23,19,19,16,20,19,17,22,19,13
5,20,12,7,20,16,8,20,17,19,20,16,20,20,17,22,20,13
5,21,12,7,21,16,8,21,17,10,21,8,11,21,19,12,21,19,13,21,19,14,21,19,15,21,19,16,21,19,17,21,10,19,21,16,20,21,17,22,21,13
0,22,0,1,22,14,2,22,14,3,22,14,4,22,14,5,22,11,7,22,9,8,22,11,10,22,9,11,22,18,12,22,18,13,22,29,14,22,27,15,22,18,16,22,18,17,22,11,19,22,9,20,22,11,22,22,9,23,22,14,24,22,14,25,22,14,26,22,14,27,22,2
0,23,12,13,23,16,14,23,17,27,23,13
0,24,12,2,24,8,3,24,19,4,24,19,5,24,10,7,24,8,8,24,19,9,24,19,10,24,19,11,24,10,13,24,16,14,24,17,16,24,8,17,24,19,18,24,19,19,24,19,20,24,10,22,24,8,23,24,19,24,24,19,25,24,10,27,24,13
0,25,12,2,25,9,3,25,18,4,25,29,5,25,17,7,25,9,8,25,18,9,25,18,10,25,18,11,25,11,13,25,9,14,25,11,16,25,9,17,25,18,18,25,18,19,25,18,20,25,11,22,25,16,23,25,27,24,25,18,25,25,11,27,25,13
0,26,12,4,26,16,5,26,17,22,26,16,23,26,17,27,26,13
0,27,5,1,27,19,2,27,10,4,27,16,5,27,17,7,27,8,8,27,10,10,27,8,11,27,19,12,27,19,13,27,19,14,27,19,15,27,19,16,27,19,17,27,10,19,27,8,20,27,10,22,27,16,23,27,17,25,27,8,26,27,19,27,27,7
0,28,31,1,28,18,2,28,11,4,28,9,5,28,11,7,28,16,8,28,17,10,28,9,11,28,18,12,28,18,13,28,29,14,28,27,15,28,18,16,28,18,17,28,11,19,28,16,20,28,17,22,28,9,23,28,11,25,28,9,26,28,18,27,28,32
0,29,12,7,29,16,8,29,17,13,29,16,14,29,17,19,29,16,20,29,17,27,29,13
0,30,12,2,30,8,3,30,19,4,30,19,5,30,19,6,30,19,7,30,30,8,30,28,9,30,19,10,30,19,11,30,10,13,30,16,14,30,17,16,30,8,17,30,19,18,30,19,19,30,30,20,30,28,21,30,19,22,30,19,23,30,19,24,30,19,25,30,10,27,30,13
0,31,12,2,31,9,3,31,18,4,31,18,5,31,18,6,31,18,7,31,18,8,31,18,9,31,18,10,31,18,11,31,11,13,31,9,14,31,11,16,31,9,17,31,18,18,31,18,19,31,18,20,31,18,21,31,18,22,31,18,23,31,18,24,31,18,25,31,11,27,31,13
0,32,12,27,32,13
0,33,1,1,33,15,2,33,15,3,33,15,4,33,15,5,33,15,6,33,15,7,33,15,8,33,15,9,33,15,10,33,15,11,33,15,12,33,15,13,33,15,14,33,15,15,33,15,16,33,15,17,33,15,18,33,15,19,33,15,20,33,15,21,33,15,22,33,15,23,33,15,24,33,15,25,33,15,26,33,15,27,33,3